46.02 64.06
76.73 65.22
69.03 4.00
85.23 2.41
49.15 48.79
7.70 14.84
70.01 93.65
29.78 66.70
63.58 59.08
77.66 36.82
6.87 40.82
46.86 41.65
40.09 50.80
17.45 20.88
8.18 25.99
7.70 31.84
43.28 43.73
33.10 91.91
94.38 61.69
54.91 87.27
70.25 65.58
53.78 85.01
84.17 84.19
41.06 10.31
87.62 33.27
47.05 47.64
44.73 37.38
57.88 57.83
12.89 88.27
64.05 95.33
26.24 91.48
89.28 1.59
51.14 28.02
31.20 84.31
11.10 66.02
26.08 56.05
67.72 18.82
90.89 36.12
77.24 94.46
97.23 41.76
92.50 11.89
84.95 44.41
7.74 38.94
73.76 12.27
85.04 34.54
43.05 89.73
18.44 50.04
34.72 20.10
79.38 52.77
36.31 48.85
84.82 61.76
8.34 92.59
71.42 78.49
49.04 28.69
38.39 89.10
28.07 2.44
46.09 74.36
24.57 95.08
18.70 12.32
27.23 59.76
75.45 14.36
64.09 80.82
51.71 89.94
57.47 5.42
28.78 36.68
54.00 67.10
81.30 11.01
97.96 44.89
41.58 51.77
92.11 72.17
35.03 33.55
18.39 29.59
84.56 76.76
42.53 75.33
54.35 61.82
50.80 47.62
91.46 37.46
14.97 16.84
30.29 79.90
83.39 80.71
83.37 98.36
30.88 56.84
32.33 26.68
47.87 24.19
95.60 91.05
70.71 95.49
80.02 87.48
10.47 4.38
56.83 29.01
62.91 40.63
69.44 58.89
86.07 63.69
84.66 52.32
67.88 59.84
81.52 55.58
56.26 51.48
4.46 19.67
81.71 11.77
8.30 85.02
21.16 33.14
81.23 89.52
49.33 42.43
3.94 50.06
49.55 39.69
51.27 47.14
47.20 17.32
54.91 34.04
20.82 54.86
17.58 46.35
40.33 18.66
33.94 79.91
50.66 37.22
63.87 20.34
20.66 26.57
16.49 96.77
46.65 91.32
91.81 33.89
91.42 59.09
65.99 11.80
68.44 16.96
1.46 23.48
41.07 60.82
77.11 61.17
80.48 6.55
25.23 48.55
18.29 71.80
16.58 50.52
94.35 75.80
7.79 57.81
91.50 34.11
1.84 34.80
81.61 37.97
28.13 99.84
59.76 68.12
61.91 94.68
1.48 98.46
83.98 34.85
15.70 39.90
58.41 27.37
35.20 27.78
4.68 36.49
53.42 37.65
77.46 77.11
34.16 26.10
35.63 19.23
10.13 31.19
12.02 50.42
25.20 32.55
6.97 38.56
16.22 9.91
93.53 89.15
43.45 95.91
24.85 99.51
98.93 94.87
99.96 50.66
39.27 23.74
30.00 36.89
95.40 39.33
4.28 58.94
28.77 18.14
10.62 79.21
70.80 88.97
80.51 92.17
24.45 69.13
34.05 28.73
90.97 62.79
4.38 28.98
49.78 99.38
93.91 31.18
94.67 55.21
63.54 64.79
58.65 40.27
66.48 62.87
24.59 50.77
92.15 2.81
74.70 26.05
19.19 56.52
17.01 61.78
36.24 64.20
39.33 13.15
66.58 57.45
23.65 45.50
6.36 35.32
9.50 79.31
20.67 58.74
28.28 12.19
48.77 89.68
41.81 0.03
67.85 61.74
78.33 90.31
5.27 59.06
85.77 24.78
49.80 97.71
14.59 91.88
46.21 27.21
4.63 65.72
25.33 2.99
2.45 84.67
5.25 83.61
35.49 59.01
